9,3
9,1
9,0
0,309
0,243
16,1
16,3
16,0
0,9
0,310
0,305
0,498
0,466
0,471
0,398
0,394
0,308
0,304
0,303
0,302
0,307
0,507
0,12
0,396
0,10
0,470
0,8
0,0
0,363
0,300
0,391
0,299
0,491
0,298
0,488
0,297
0,502
0,296
0,390
0,295
0,403
0,294
0,345
0,293
0,375
0,292
0,383
0,291
0,343
0,290
0,389
0,289
0,335
0,288
0,287
0,382
0,286
0,318
0,285
0,338
0,284
0,496
0,283
0,327
0,282
0,381
0,281
0,317
0,280
0,402
0,279
0,495
0,278
0,401
0,277
0,479
0,276
0,380
0,275
0,501
0,274
0,316
0,273
0,510
0,272
0,379
0,271
0,478
0,270
0,336
0,269
0,332
0,268
0,487
0,267
0,266
0,509
0,265
0,367
0,264
0,400
0,263
0,477
0,262
0,348
0,261
0,374
0,260
0,373
0,259
0,360
0,258
0,476
0,257
0,484
0,256
0,450
0,255
0,330
0,254
0,483
0,253
0,505
0,252
0,464
0,251
0,407
0,250
0,457
0,249
0,475
0,248
0,324
0,247
0,490
0,246
0,468
0,245
0,372
0,244
0,474
0,242
0,473
0,241
0,472
0,240
0,494
0,239
0,467
0,238
0,482
0,237
0,320
0,236
0,493
0,235
0,349
0,234
0,506
0,233
0,489
0,232
0,415
0,231
0,504
0,230
0,412
0,229
0,368
0,228
0,399
0,227
0,486
0,226
0,485
0,225
0,352
0,224
0,419
0,223
0,406
0,222
0,418
0,221
0,371
0,220
0,356
0,219
0,405
0,218
0,411
0,217
0,388
0,216
0,387
0,215
0,355
0,214
0,213
0,315
0,212
0,500
0,211
0,386
0,210
0,314
0,209
0,511
0,208
0,481
0,207
0,393
0,206
0,503
0,205
0,416
0,204
0,420
0,203
0,392
0,202
0,497
0,201
0,417
0,200
0,366
0,199
0,409
0,198
0,351
0,197
0,385
0,196
0,384
0,195
0,365
0,194
0,319
0,193
0,313
0,192
0,408
0,63
0,369
0,62
0,312
0,61
0,311
0,60
0,469
